step,strategy,frac_S,frac_I,frac_R
0,random,0.9839667458432304,0.016033254156769598,0.0
1,random,0.9565320665083135,0.03836104513064133,0.00510688836104513
2,random,0.8544536817102137,0.12939429928741092,0.016152019002375295
3,random,0.6407957244655582,0.30249406175771976,0.0567102137767221
4,random,0.42885985748218525,0.42339667458432306,0.1477434679334917
5,random,0.31051068883610455,0.4160926365795724,0.27339667458432304
6,random,0.24881235154394296,0.3521377672209026,0.3990498812351544
7,random,0.21080760095011875,0.2858076009501188,0.5033847980997624
8,random,0.18752969121140142,0.22695961995249406,0.5855106888361046
9,random,0.1729809976247031,0.17351543942992875,0.6535035629453682
10,random,0.1630641330166271,0.13254156769596198,0.7043942992874109
11,random,0.15653206650831353,0.09875296912114015,0.7447149643705464
12,random,0.15290973871733965,0.07292161520190024,0.7741686460807602
13,random,0.1503562945368171,0.050950118764845606,0.7986935866983373
14,random,0.1480997624703088,0.038776722090261284,0.8131235154394298
15,random,0.14673396674584321,0.028859857482185274,0.8244061757719715
16,random,0.14501187648456057,0.02173396674584323,0.8332541567695962
17,random,0.14406175771971497,0.016330166270783847,0.8396080760095013
18,random,0.1435273159144893,0.012054631828978622,0.844418052256532
19,random,0.1431710213776722,0.009026128266033254,0.8478028503562947
20,random,0.14275534441805227,0.00665083135391924,0.8505938242280285
21,random,0.142458432304038,0.005403800475059383,0.8521377672209025
22,random,0.14228028503562945,0.003681710213776722,0.8540380047505938
23,random,0.14204275534441807,0.0025534441805225654,0.8554038004750595
24,random,0.14192399049881235,0.0017814726840855108,0.8562945368171022
25,random,0.14192399049881235,0.0012470308788598574,0.8568289786223279
26,random,0.14251781472684086,0.001253628925837952,0.8562285563473212
27,random,0.14251781472684086,0.0004618632884666139,0.8570203219846926
28,random,0.1440023752969121,0.0005938242280285036,0.8554038004750594
29,random,0.14311163895486936,0.0005938242280285036,0.8562945368171022
30,random,0.1444477434679335,0.0005938242280285036,0.854958432304038
31,random,0.14429928741092635,0.0004453681710213777,0.8552553444180523
32,random,0.1490498812351544,0.0008907363420427554,0.8500593824228029
33,random,0.1490498812351544,0.0008907363420427554,0.8500593824228029
34,random,0.1490498812351544,0.0008907363420427554,0.8500593824228029
35,random,0.1490498812351544,0.0008907363420427554,0.8500593824228029
36,random,0.1490498812351544,0.0008907363420427554,0.8500593824228029
37,random,0.1490498812351544,0.0005938242280285036,0.850356294536817
38,random,0.1490498812351544,0.0005938242280285036,0.850356294536817
39,random,0.1490498812351544,0.0005938242280285036,0.850356294536817
40,random,0.1490498812351544,0.0002969121140142518,0.8506532066508313
41,random,0.13836104513064132,0.0005938242280285036,0.8610451306413301
42,random,0.13836104513064132,0.0,0.8616389548693587
0,hub,0.9839667458432304,0.016033254156769598,0.0
1,hub,0.8467933491686461,0.1490498812351544,0.004156769596199525
2,hub,0.5938242280285035,0.3580760095011877,0.04809976247030879
3,hub,0.3978622327790974,0.44002375296912116,0.16211401425178149
4,hub,0.2975059382422803,0.41033254156769594,0.2921615201900237
5,hub,0.24346793349168647,0.3527315914489311,0.40380047505938244
6,hub,0.21258907363420426,0.27731591448931114,0.5100950118764845
7,hub,0.19418052256532067,0.20605700712589073,0.5997624703087886
8,hub,0.1840855106888361,0.15498812351543942,0.6609263657957245
9,hub,0.17458432304038005,0.10985748218527316,0.7155581947743468
10,hub,0.16864608076009502,0.08491686460807601,0.746437054631829
11,hub,0.16033254156769597,0.06413301662707839,0.7755344418052257
12,hub,0.15617577197149643,0.047505938242280284,0.7963182897862233
13,hub,0.15558194774346792,0.032066508313539195,0.8123515439429929
14,hub,0.15558194774346792,0.026128266033254157,0.8182897862232779
15,hub,0.15498812351543942,0.019002375296912115,0.8260095011876485
16,hub,0.15498812351543942,0.010688836104513063,0.8343230403800475
17,hub,0.1543942992874109,0.009501187648456057,0.836104513064133
18,hub,0.1543942992874109,0.006532066508313539,0.8390736342042755
19,hub,0.1543942992874109,0.0059382422802850355,0.8396674584323041
20,hub,0.1543942992874109,0.005344418052256532,0.8402612826603325
21,hub,0.1543942992874109,0.005344418052256532,0.8402612826603325
22,hub,0.1543942992874109,0.004156769596199525,0.8414489311163895
23,hub,0.1543942992874109,0.0029691211401425177,0.8426365795724465
24,hub,0.1543942992874109,0.0023752969121140144,0.8432304038004751
25,hub,0.1543942992874109,0.0011876484560570072,0.8444180522565321
26,hub,0.1543942992874109,0.0005938242280285036,0.8450118764845606
27,hub,0.1543942992874109,0.0005938242280285036,0.8450118764845606
28,hub,0.1543942992874109,0.0,0.8456057007125891
0,disease_gene,0.9863420427553444,0.013657957244655582,0.0
1,disease_gene,0.9418052256532067,0.05463182897862233,0.0035629453681710215
2,disease_gene,0.7921615201900237,0.18705463182897863,0.020783847980997625
3,disease_gene,0.5558194774346793,0.35451306413301664,0.08966745843230403
4,disease_gene,0.3818289786223278,0.42874109263657956,0.18942992874109263
5,disease_gene,0.29572446555819476,0.4002375296912114,0.30403800475059384
6,disease_gene,0.24584323040380046,0.33016627078384797,0.42399049881235157
7,disease_gene,0.21080760095011877,0.2666270783847981,0.5225653206650831
8,disease_gene,0.19121140142517815,0.21140142517814728,0.5973871733966746
9,disease_gene,0.17161520190023752,0.17042755344418054,0.6579572446555819
10,disease_gene,0.15676959619952494,0.13064133016627077,0.7125890736342043
11,disease_gene,0.15201900237529692,0.10095011876484561,0.7470308788598575
12,disease_gene,0.14667458432304037,0.08016627078384798,0.7731591448931117
13,disease_gene,0.14311163895486936,0.054038004750593824,0.8028503562945368
14,disease_gene,0.14192399049881235,0.03681710213776722,0.8212589073634204
15,disease_gene,0.14073634204275534,0.027315914489311165,0.8319477434679335
16,disease_gene,0.14014251781472684,0.016033254156769598,0.8438242280285035
17,disease_gene,0.13954869358669833,0.008907363420427554,0.8515439429928741
18,disease_gene,0.13954869358669833,0.00831353919239905,0.8521377672209026
19,disease_gene,0.13895486935866982,0.0059382422802850355,0.8551068883610451
20,disease_gene,0.13895486935866982,0.0029691211401425177,0.8580760095011877
21,disease_gene,0.13895486935866982,0.0011876484560570072,0.8598574821852731
22,disease_gene,0.13895486935866982,0.0011876484560570072,0.8598574821852731
23,disease_gene,0.13895486935866982,0.0005938242280285036,0.8604513064133017
24,disease_gene,0.13895486935866982,0.0,0.8610451306413301
